
    date   smlo_vwret  smlo_nfirms   smlo_msize   smme_vwret  smme_nfirms   smme_msize   smhi_vwret  smhi_nfirms   smhi_msize   bilo_vwret  bilo_nfirms   bilo_msize   bime_vwret  bime_nfirms   bime_msize   bihi_vwret  bihi_nfirms   bihi_msize

19920131        0.075         1176       106.13       0.0752         1063       111.58       0.1048         1291         58.6       -0.023          357      4888.16      -0.0146          309      3690.53       0.0397          130      2203.23
19920228       0.0073         1165       114.13       0.0282         1057       120.39       0.0701         1282        65.06       0.0034          357       4771.8       0.0081          309         3629        0.068          130      2284.82
19920331      -0.0645         1159       115.04       -0.013         1052       123.67      -0.0068         1266        70.33      -0.0278          357       4779.7      -0.0128          309      3638.83      -0.0111          129      2439.53
19920430      -0.0554         1145       108.75       -0.024         1046       122.39      -0.0098         1254        70.35       0.0012          357      4635.97       0.0496          308      3591.62       0.0422          128      2383.45
19920529      -0.0058         1121       104.68       0.0093         1040       119.51       0.0252         1247        69.38       0.0096          356      4641.28       0.0044          308      3761.17        0.002          128       2478.3
19920630      -0.0617         1103       105.61      -0.0324         1030       121.28      -0.0268         1231        71.42      -0.0248          356      4676.94      -0.0109          307      3764.88       0.0067          127      2482.36
19920731       0.0263         1391       102.28       0.0333          943       119.18       0.0391         1317        60.69       0.0432          352      4382.42       0.0464          342      3735.87       0.0209          164      2562.67
19920831      -0.0424         1381       105.31      -0.0155          935       123.87      -0.0266         1299        63.57       -0.011          352       4568.7      -0.0215          342       3901.2      -0.0487          164      2609.67
19920930       0.0148         1376       101.08       0.0249          935       121.69       0.0154         1292        62.08       0.0167          350      4529.82       0.0089          342      3797.73       0.0122          164      2470.93
19921030       0.0435         1365       102.94       0.0249          929       124.16       0.0175         1280        63.04        0.024          349      4606.76      -0.0092          341      3832.18       0.0092          164      2494.44
19921130       0.0958         1360       107.74       0.0639          926       127.12       0.0657         1271         64.5       0.0458          349      4714.31       0.0256          341       3789.2       0.0453          164      2511.33
19921231       0.0259         1355        118.3        0.036          917       135.44       0.0495         1268        68.76        0.007          349      4921.84       0.0215          341       3866.2        0.034          163         2624
19930129       0.0134         1351        121.6       0.0404          916       139.66       0.0649         1256        72.35       -0.011          349      4946.38       0.0147          340      3949.39       0.0542          163      2706.66
19930226      -0.0634         1346        123.2      -0.0012          909       145.46       0.0122         1249        77.36      -0.0235          349      4887.96       0.0411          340      4000.62       0.0308          163      2847.51
19930331       0.0209         1339       115.86       0.0263          902       145.38       0.0359         1241        78.51       0.0176          349      4765.49       0.0312          338      4155.51       0.0273          162      2936.74
19930430      -0.0375         1333       118.72      -0.0247          902       148.99      -0.0256         1236        81.33      -0.0504          349      4837.47      -0.0089          338      4273.96      -0.0092          162      3008.87
19930528       0.0669         1327        114.4       0.0326          896        145.5       0.0306         1232        79.34       0.0401          349      4590.14       0.0235          338      4228.75       0.0074          162      2974.91
19930630       0.0071         1317       122.78       0.0049          893       149.72       0.0147         1226        81.46      -0.0103          349      4766.33        0.012          338      4308.47       0.0343          162      2985.42
19930730      -0.0035         1514        126.3       0.0146         1125       137.61       0.0226         1232        78.94      -0.0224          376      4568.36       0.0115          362      4019.06       0.0163          170      3421.51
19930831       0.0397         1507       126.03       0.0453         1121       139.43       0.0332         1222        80.91       0.0362          376      4462.41       0.0406          362      4058.72       0.0346          170      3468.95
19930930        0.032         1498       131.17       0.0224         1117       145.95       0.0258         1221         83.5       -0.007          376      4616.48       0.0048          362      4204.49      -0.0099          170      3576.25
19931029       0.0393         1492       135.38       0.0162         1116       149.09       0.0266         1217        85.83       0.0299          374      4594.06      -0.0021          360      4232.59       0.0107          169      3544.61
19931130      -0.0322         1488       140.89      -0.0273         1112       151.53      -0.0244         1212        88.11      -0.0006          373      4722.86      -0.0265          360      4217.11      -0.0146          168      3583.59
19931231       0.0261         1479       135.65       0.0388         1108       147.51       0.0279         1203        86.29        0.014          373      4711.78       0.0173          360      4086.31       0.0243          167      3530.76
19940131       0.0191         1474       139.32       0.0285         1107        152.8        0.051         1193        89.16       0.0198          373      4768.79       0.0449          359      4158.98       0.0308          165       3609.3
19940228      -0.0087         1464       142.42       0.0091         1101       157.85      -0.0092         1187         93.2      -0.0164          373      4857.81      -0.0307          358      4331.06      -0.0433          165      3713.03
19940331      -0.0613         1461       141.29      -0.0475         1097       159.43      -0.0429         1181        92.49      -0.0472          373      4770.88      -0.0378          357      4181.19      -0.0396          165      3539.35
19940429      -0.0075         1454       132.78        0.006         1093       151.64        0.014         1172        88.52       0.0035          373      4534.24       0.0202          357       4016.2       0.0152          164      3398.29
19940531      -0.0258         1443       132.08      -0.0112         1087       153.16       0.0002         1163        90.12       0.0149          373      4546.97       0.0184          357      4089.98      -0.0087          164      3441.62
19940630      -0.0475         1427       129.31      -0.0199         1080       150.61      -0.0215         1156        89.58      -0.0304          373      4607.07      -0.0214          357      4145.58      -0.0222          164      3398.95
19940729       0.0142         1795       115.38        0.015         1456       128.58       0.0228         1542         76.9       0.0307          420      4183.28       0.0329          359      4137.45       0.0417          192      2837.71
19940831       0.0749         1787       117.16       0.0426         1447       130.69       0.0397         1531        78.95       0.0589          418      4313.03       0.0302          357      4283.22       0.0246          192      2948.97
19940930       0.0062         1778        126.1      -0.0019         1436       136.23      -0.0045         1516        82.33      -0.0114          416      4544.89      -0.0325          355       4412.8      -0.0373          191      3014.69
19941031       0.0059         1768       126.97      -0.0013         1432       135.31        -0.02         1505        81.89       0.0235          414      4500.05        0.025          354      4270.13       0.0024          191      2892.33
19941130      -0.0366         1758        127.7      -0.0349         1426       134.53      -0.0373         1489        80.49      -0.0292          414      4600.79      -0.0448          353      4355.75        -0.03          191      2892.36
19941230       0.0065         1746       123.29       0.0211         1415       129.83       0.0124         1473        77.58        0.014          412      4465.43       0.0122          352      4151.49       0.0125          190      2804.61
19950131      -0.0114         1736       123.96      -0.0017         1406       132.06       0.0099         1451        77.24       0.0222          410      4533.64       0.0289          352      4193.29       0.0343          190      2829.41
19950228        0.036         1718        122.3       0.0321         1401       131.96       0.0436         1442        77.86       0.0402          409      4636.85       0.0415          350      4315.34       0.0399          190      2918.22
19950331       0.0267         1705       127.49       0.0209         1388       136.11       0.0097         1431        81.45       0.0299          407      4831.08       0.0319          347      4492.79        0.006          190      3023.41
19950428        0.012         1692       131.68       0.0292         1384       138.87       0.0326         1423        81.91       0.0206          406      4969.12       0.0308          346      4636.96       0.0346          190      3031.27
19950531       0.0071         1677       134.18       0.0196         1378       142.77       0.0298         1410        84.89       0.0356          405      5073.05       0.0359          342      4810.09       0.0522          188      3151.13
19950630       0.0724         1658       135.96       0.0484         1370       145.35       0.0396         1398        86.93       0.0391          404      5256.59       0.0172          342      4962.75       0.0121          188      3302.82
19950731       0.0783         1647       140.89       0.0477         1693       133.93       0.0479         1641        79.62       0.0397          450      5119.75       0.0404          381      4620.73       0.0271          202      3296.44
19950831       0.0223         1638       152.15       0.0293         1681       140.55       0.0387         1628        83.78        0.001          449      5327.15       0.0117          380      4810.06       0.0224          202      3377.79
19950929       0.0249         1628       156.02       0.0184         1671       144.36       0.0162         1617        87.23       0.0484          448      5335.26        0.033          376      4878.82       0.0388          202      3439.49
19951031      -0.0592         1619        159.6      -0.0496         1657       146.69      -0.0371         1598        88.61       0.0049          446      5578.85      -0.0126          376      5034.89      -0.0187          202      3562.45
19951130       0.0368         1611       150.23       0.0335         1642       139.67       0.0404         1583        84.84       0.0397          444      5612.43       0.0525          374       4961.3       0.0429          202      3486.96
19951229       0.0193         1600       155.93       0.0256         1634       144.65       0.0229         1567        88.28       0.0028          442      5829.93        0.025          373      5212.43       0.0274          200      3602.64
19960131       0.0008         1589       158.89       0.0034         1616       148.25       0.0116         1545           90       0.0303          439      5857.51       0.0321          370      5353.61       0.0266          198      3703.99
19960229       0.0477         1577       158.76       0.0261         1609       148.59       0.0227         1526        90.53       0.0198          437      6008.24       0.0165          368      5539.87      -0.0015          198      3794.35
19960329       0.0215         1569       166.44       0.0276         1598       151.93       0.0282         1516        92.35       0.0022          436       6131.9       0.0156          365      5648.57       0.0201          197       3780.8
19960430       0.0879         1562       169.83       0.0471         1586       156.29       0.0443         1503        95.23       0.0281          435      6141.53       0.0124          362      5708.91      -0.0079          196      3796.82
19960531        0.061         1548       185.34       0.0449         1579       163.23       0.0544         1489        99.42        0.038          434       6322.4       0.0087          361      5779.53        0.017          196      3758.69
19960628      -0.0633         1539       196.95      -0.0241         1567       171.02      -0.0244         1480       104.66       0.0003          434      6555.12      -0.0016          361      5810.11            0          196      3807.52
19960731      -0.1376         1775       181.03      -0.0603         1689       165.93      -0.0535         1641        94.41      -0.0554          495      6795.71      -0.0372          401      4795.32      -0.0518          194      3660.27
19960830        0.071         1766       155.99       0.0463         1669       156.67       0.0454         1628         89.3       0.0205          493      6428.53       0.0385          400      4620.33       0.0344          194      3461.61
19960930       0.0523         1760       166.95       0.0276         1657       163.68       0.0279         1615        93.73       0.0687          490      6566.33       0.0472          398      4797.77       0.0165          194      3567.77
19961031      -0.0511         1750       175.61            0         1645       167.57       0.0111         1600        96.48       0.0068          489      7007.87       0.0359          398      5017.37       0.0407          193      3623.38
19961129       0.0179         1740       166.78       0.0466         1636       167.34       0.0369         1585        97.21       0.0725          489      7046.59       0.0793          396       5202.6       0.0576          193      3760.73
19961231       0.0082         1728       169.81       0.0269         1619       174.58       0.0191         1570       101.05      -0.0171          487      7576.16      -0.0141          393      5579.86      -0.0091          191       3992.4
19970131       0.0419         1717       171.65       0.0286         1603       179.47       0.0323         1556       102.88       0.0662          482      7461.68        0.052          392      5481.39         0.03          189      3973.87
19970228      -0.0615         1703       178.98      -0.0027         1593       183.94        0.012         1545       106.42            0          481      7963.81       0.0042          392      5761.75       0.0208          188      4097.42
19970331      -0.0842         1687       168.52       -0.032         1577       183.32      -0.0176         1529       107.41      -0.0549          480      7970.15       -0.026          392      5769.28       -0.044          187      4182.92
19970430      -0.0318         1674       154.21       0.0069         1566       176.77      -0.0011         1520        105.6       0.0671          478      7512.28       0.0449          391      5617.75       0.0163          187      3987.31
19970530       0.1547         1661       148.53       0.0981         1556       177.83       0.0787         1512       105.25       0.0701          477      8021.68       0.0587          388       5892.7        0.059          186      4055.06
19970630       0.0387         1642       171.95       0.0573         1540       194.86       0.0662         1498       113.22       0.0417          474      8598.54       0.0468          385      6206.35       0.0281          183         4267
19970731       0.0495         1788       190.51       0.0547         1807       178.98       0.0552         1763       104.81       0.0775          505      8564.03       0.0903          452      5863.07       0.0642          205      4440.55
19970829       0.0396         1767       199.11        0.032         1793       188.22       0.0321         1746       110.44      -0.0577          503      9219.64      -0.0336          445      6388.06      -0.0295          203      4743.07
19970930         0.09         1756        207.5       0.0795         1782       194.09       0.0784         1728       113.59       0.0509          502      8694.17       0.0599          439      6216.71       0.0568          202      4610.17
19971031      -0.0603         1745        226.5      -0.0334         1758       209.43      -0.0224         1712       122.14      -0.0348          500       9154.6      -0.0305          436      6616.07      -0.0266          199      4908.63
19971128      -0.0317         1730       212.29      -0.0087         1744        201.6        0.004         1697       119.13       0.0483          499      8820.25       0.0336          435      6418.79       0.0331          197      4759.47
19971231       -0.022         1703       205.23       0.0117         1721       199.11       0.0222         1669       120.02         0.01          498      9230.83       0.0297          433       6637.5       0.0423          195      4939.56
19980130      -0.0033         1686       200.84      -0.0153         1707       200.66      -0.0072         1648       122.83       0.0297          496      9338.32      -0.0223          431      6821.37      -0.0028          193      5170.68
19980227       0.0826         1665       200.92       0.0711         1688       197.49       0.0718         1636       121.91       0.0722          496      9609.63       0.0782          429      6666.53       0.0688          191      5184.27
19980331       0.0449         1646       216.68       0.0461         1672       211.53       0.0478         1608       131.55       0.0461          494     10331.08       0.0515          427       7193.5       0.0766          190      5552.83
19980430       0.0082         1636       225.89        0.015         1650        221.2       0.0224         1587       136.93       0.0118          492     10792.09       0.0159          425      7560.63       0.0039          188      6009.51
19980529      -0.0744         1617       229.02      -0.0464         1634        224.9      -0.0253         1569       140.81      -0.0258          491     10932.57      -0.0233          422      7711.35       0.0105          187      6044.62
19980630        0.007         1594       214.02       -0.009         1622       213.83       0.0036         1542       136.79       0.0587          488     10694.24       0.0159          417      7564.48       0.0254          183       6059.6
19980731      -0.0764         1509       234.18      -0.0786         1920       197.85      -0.0652         1738       121.01      -0.0053          547     11643.36      -0.0305          425      6885.93      -0.0381          195      5310.52
19980831      -0.2436         1491       215.84       -0.189         1894       182.58      -0.1718         1721       113.42      -0.1437          542     11648.49      -0.1771          425      6669.24      -0.1126          192      5141.17
19980930       0.0879         1473       163.86       0.0563         1880       148.37        0.028         1695        94.11        0.078          539     10005.34       0.0403          420       5441.2       0.0588          192      4551.79
19981030       0.0484         1443        179.3        0.036         1860       155.81       0.0296         1659        97.72       0.0825          536     10812.47       0.0804          411      5497.52        0.047          192      4807.88
19981130       0.0907         1430       187.95       0.0545         1854       161.18       0.0558         1630       101.78       0.0699          535     11701.95       0.0584          405      5915.93        0.039          191      4883.13
19981231       0.0679         1412       206.28       0.0335         1833       169.55       0.0284         1602       108.35        0.088          534     12527.62       0.0184          403      6230.92       0.0316          190      5083.48
19990129       0.0474         1394       222.12       0.0128         1812        175.2       0.0025         1573       112.02       0.0567          529     13703.15      -0.0034          399      6193.35      -0.0106          190      5233.24
19990226      -0.0928         1377        234.1      -0.0697         1797       177.63      -0.0814         1549        113.2      -0.0449          529      14471.3      -0.0066          398      6169.17      -0.0222          190      5168.83
19990331      -0.0001         1354       213.34       0.0022         1765       165.94      -0.0275         1520       104.58       0.0422          523     13868.19       0.0369          398      6113.89        0.012          188      5068.48
19990430       0.1006         1343       213.51       0.0984         1737       166.95        0.088         1499       102.49       0.0179          523     14439.66       0.0887          393      6359.01       0.0794          187      5140.97
19990528       0.0145         1328       234.47       0.0157         1711       184.46       0.0443         1483       112.13      -0.0256          522     14700.46       -0.009          390         6958      -0.0016          186      5538.73
19990630       0.0653         1315       238.06        0.061         1682       186.82       0.0593         1460       117.97       0.0688          516     14289.72       0.0268          385      6903.56      -0.0112          184       5549.2
19990730      -0.0126         1242        234.3      -0.0087         1649       188.02      -0.0055         1837       107.67      -0.0313          600     15895.16      -0.0347          403      5878.87      -0.0277          155      3795.06
19990831      -0.0289         1225       232.58      -0.0309         1626       185.11      -0.0283         1816       107.48      -0.0026          594     15504.26      -0.0254          399      5699.32      -0.0229          155      3686.49
19990930       0.0081         1205       225.65      -0.0082         1606       179.74      -0.0254         1794       104.76      -0.0197          592     15481.04      -0.0557          397      5549.09      -0.0477          155      3592.32
19991029       0.0113         1190       229.06      -0.0065         1588       177.28      -0.0313         1776       100.56       0.0709          587     15132.92       0.0578          390      5255.37       0.0482          155      3411.68
19991130       0.1314         1169       228.85       0.0622         1560       173.78       0.0329         1753        96.97       0.0415          581     16349.57      -0.0249          387      5574.59      -0.0199          153      3553.05
19991231         0.18         1158       257.95       0.0853         1538       183.77       0.0563         1722       100.33       0.0786          577     16935.21       0.0198          385      5442.37       0.0185          152      3482.89
20000131       0.0068         1148       303.23      -0.0033         1524       199.18       0.0034         1703       106.53      -0.0478          573     18350.96       -0.037          382      5545.65      -0.0399          151      3537.98
20000229       0.2891         1132       305.89        0.154         1509       197.73       0.1153         1684       106.88       0.0123          571     17513.54      -0.0444          381      5344.35      -0.0713          149      3384.08
20000331      -0.1382         1119       393.41       -0.037         1489       227.59      -0.0113         1658       118.88       0.0872          567     17814.55       0.1065          379      5107.88       0.1185          149      3132.01
20000428      -0.1429         1109       339.79      -0.0567         1475       217.09      -0.0429         1640       117.03      -0.0429          564     19388.18      -0.0127          376      5610.79       0.0423          148      3499.45
20000531      -0.0784         1096       290.44      -0.0535         1458       204.23      -0.0342         1624       111.39       -0.034          564     18544.63         0.01          374      5441.17      -0.0022          147      3638.88
20000630       0.1751         1085       264.76       0.0922         1436       190.96       0.0817         1602       107.84       0.0502          560     17811.18      -0.0585          371      5400.28      -0.0548          143      3632.15
20000731      -0.0717         1393       251.29       0.0138         1578       172.07       0.0227         1520        97.01      -0.0297          775     15437.89       0.0331          358      5168.02        0.045          127       3520.5
20000831       0.0859         1379       233.79       0.0563         1559       175.14       0.0634         1507        99.37       0.0757          769     15054.01       0.0845          355      5359.69       0.0723          126      3662.75
20000929      -0.0706         1369       254.47      -0.0027         1531       184.09        -0.01         1491       105.96      -0.0621          761     16319.42       0.0193          350      5844.69       0.0147          126      3914.25
20001031      -0.0822         1352       237.19      -0.0109         1512       183.57      -0.0184         1461       105.99       -0.022          754     15392.53       0.0091          347      5984.33       0.0102          125      3915.16
20001130      -0.1624         1339       219.03      -0.0426         1493       179.82      -0.0254         1428       105.75      -0.1093          751     15084.73      -0.0306          341         6011       0.0015          125      3947.75
20001229       0.0277         1312       183.35       0.0946         1474       171.87       0.0815         1408       103.97      -0.0026          750     13440.27       0.0925          338       5761.2       0.0661          122      3853.38
20010131       0.1248         1279       190.76       0.0521         1455       187.98       0.0652         1384       112.88       0.0377          747      13305.5        0.011          335      6199.43       -0.016          122      4098.89
20010228      -0.1227         1265       215.52      -0.0047         1438       198.19       0.0051         1374        120.8      -0.1166          744     13794.53      -0.0046          330      6321.28       0.0331          121      3962.12
20010330      -0.0738         1250       190.61      -0.0142         1424       197.68      -0.0118         1355       120.73      -0.0818          741     12218.79      -0.0174          327      6299.58      -0.0164          120      4103.42
20010430       0.1025         1234       177.02       0.0498         1401       195.74       0.0512         1329       120.29       0.0892          736     11277.67       0.0531          326      6188.88       0.0527          120      4027.63
20010531       0.0401         1215       197.57       0.0459         1382       205.39       0.0643         1299       128.46       0.0041          732     12315.82       0.0196          325      6521.14       0.0363          120       4234.8
20010629       0.0638         1197       208.14       0.0516         1368       215.63       0.0203         1279       137.58      -0.0192          723     12487.26      -0.0187          323      6660.43       -0.018          119      4325.84
20010731      -0.0947         1009       336.82      -0.0404         1450       255.22        -0.01         1931       109.64      -0.0168          565      15686.1      -0.0136          377      7146.05       0.0106          104      6149.55
20010831      -0.0759          995       308.88      -0.0229         1431        244.7      -0.0124         1884       108.89      -0.0698          557     15543.06      -0.0398          376      7054.82       -0.067          104      6211.03
20010928      -0.1715          987       286.89      -0.1293         1423       238.73      -0.1445         1858       107.84      -0.0829          557     14441.42      -0.0892          374      6736.04      -0.0773          104      5778.98
20011031       0.1111          979       238.51       0.0502         1411       207.72       0.0443         1837        92.73        0.033          556     13252.78       0.0077          372      6045.25        -0.04          103      5351.78
20011130       0.0922          965       267.71       0.0713         1396       218.83       0.0901         1798        97.75       0.0825          553     13742.87       0.0585          370      6101.02        0.101          102      5131.56
20011231       0.0667          955       292.63       0.0685         1382       234.53        0.069         1779       107.22       0.0076          551     14888.17         0.03          367      6480.38        0.013          101       5672.4
20020131      -0.0509          947       314.53        0.012         1374       251.13       0.0271         1749       116.09      -0.0087          546     15111.18        -0.02          365      6677.55      -0.0175          100      5763.36
20020228      -0.0813          939       299.93      -0.0127         1366       254.88      -0.0049         1720       119.77      -0.0259          545      14991.8       0.0012          364      6545.81       -0.024           98      5725.25
20020328       0.0907          932       275.91        0.075         1351       252.69       0.1011         1702       119.74       0.0361          545     14587.93       0.0519          362      6552.22       0.0485           96      5693.22
20020430      -0.0357          917       305.15       0.0282         1340       272.91       0.0393         1677        132.8      -0.0692          545     15104.72      -0.0145          362      6884.98      -0.0599           96      5960.99
20020531      -0.0638          912       294.28      -0.0367         1327       282.25      -0.0256         1659       138.92      -0.0137          545     14048.89       0.0008          361      6742.03      -0.0027           95      5618.55
20020628      -0.0762          908       276.41      -0.0281         1314       272.09      -0.0244         1645       135.41      -0.0735          544     13866.18      -0.0658          359       6764.4      -0.0959           95      5591.78
20020731      -0.1459         1096       292.23       -0.142         1351       279.36      -0.1495         1557       124.84      -0.0602          445     14852.46      -0.0929          343      7667.62      -0.1296          129       5840.1
20020830      -0.0051         1087       251.58       0.0064         1340       240.76      -0.0079         1535       107.13       0.0027          445     13947.53       0.0076          342      6951.53       0.0488          128       5099.2
20020930      -0.0861         1082       250.99      -0.0767         1334       242.63      -0.0666         1519          107      -0.1057          445     13967.74      -0.1024          341      6964.02       -0.102          128      5337.33
20021031       0.0685         1072       231.38        0.042         1322       224.23      -0.0024         1497       100.96       0.0961          445     12472.96       0.0657          340      6254.76       0.0367          128       4783.2
20021129       0.1382         1065       248.79       0.0749         1316       233.88       0.0775         1476       101.81       0.0507          445      13658.4       0.0641          338      6608.64       0.0805          128      4952.05
20021231      -0.0915         1055       285.46      -0.0408         1306       252.65      -0.0341         1459       110.46      -0.0626          445      14333.5      -0.0455          337      7017.26      -0.0428          128      5337.42
20030131      -0.0224         1042       260.24      -0.0241         1298       242.88      -0.0142         1435       107.01      -0.0266          445     13414.88       -0.023          335      6707.57       -0.053          128      5097.64
20030228      -0.0355         1037       255.53      -0.0241         1283       238.43      -0.0329         1422       106.04      -0.0104          444     13069.14      -0.0319          335      6540.23      -0.0421          128       4823.2
20030331       0.0206         1020       249.13       0.0064         1262       234.44       0.0094         1400        103.4       0.0171          443     12913.39       0.0006          333      6344.04      -0.0062          128      4609.24
20030430       0.1123         1013       255.76        0.094         1256       236.63        0.091         1382       105.44       0.0768          441     13036.43       0.0898          332      6347.57       0.0976          128      4570.27
20030530       0.1316         1009       285.42       0.1062         1245       259.85       0.1036         1362       116.42       0.0495          441     14025.93       0.0702          332      6903.03       0.0808          128      5010.74
20030630       0.0231         1000        325.2        0.025         1238       287.42       0.0349         1343       129.56       0.0119          440     14729.18       0.0134          332      7371.58       0.0134          128      5405.48
20030731       0.0841          873        333.3       0.0623         1405       276.67        0.064         1377       150.96       0.0231          440     14580.87       0.0172          334      7827.69       0.0016          142      6664.05
20030829       0.0452          868        362.2       0.0499         1393       294.53       0.0618         1360        160.9        0.018          437     14989.41       0.0224          333      7964.48       0.0371          142      6667.05
20030930       -0.017          866       378.49      -0.0173         1388       309.31       0.0087         1344       172.24       -0.008          437     15240.02      -0.0195          332      8145.71      -0.0153          141      6938.89
20031031       0.0813          859       372.31        0.083         1378       303.11       0.1082         1332       174.82        0.051          437     15099.82       0.0743          332      7975.61       0.0609          141      6825.24
20031128       0.0287          854       404.05        0.039         1370       327.94       0.0449         1314       195.54       0.0084          434     15934.43        0.017          332      8551.22       0.0213          141      7233.87
20031231       0.0083          851       415.34       0.0236         1361       341.23       0.0403         1293       205.26       0.0428          434     16047.83       0.0492          332      8680.92       0.0635          141      7371.79
20040130       0.0392          846       420.05       0.0431         1353       349.94       0.0606         1277       215.11       0.0159          433     16742.57       0.0212          332      9093.14       0.0277          141      7830.12
20040227       0.0046          841       435.13       0.0067         1344       365.68       0.0071         1269       229.13       0.0121          431     17049.87       0.0245          332      9269.61       0.0164          141      8041.69
20040331       0.0112          837       438.51       0.0062         1336       368.64       0.0038         1260        231.8      -0.0184          430     17264.35      -0.0053          331      9493.59      -0.0111          141      8157.65
20040430       -0.036          829       445.09      -0.0342         1327        370.4      -0.0609         1248       234.37      -0.0068          429     16960.86      -0.0316          328       9275.9      -0.0159          141      8057.66
20040528       0.0101          826       430.31       0.0112         1313       356.74       0.0074         1239       221.21       0.0138          429     16830.94        0.008          327      8987.96       0.0113          141      7923.28
20040630       0.0343          822       434.95       0.0433         1299       361.81       0.0526         1231       223.89       0.0121          429     17040.38       0.0221          326      9059.04       0.0274          141      7996.91
20040730      -0.0985         1189        400.1      -0.0528         1300       389.57      -0.0442          978       240.42      -0.0489          433      15963.8      -0.0167          319     10853.01      -0.0153          154      9110.22
20040831       -0.021         1181       361.24       -0.002         1295       368.72       -0.008          969       231.01      -0.0017          432     15201.58       0.0091          318     10681.04       0.0077          153      8990.11
20040930       0.0548         1178       354.36       0.0499         1288       367.82       0.0381          961       230.21       0.0054          432     15153.96        0.023          316      10787.3       0.0289          153      9042.24
20041029       0.0314         1171       373.21       0.0115         1277       385.29       0.0137          952       240.03       0.0176          432     15215.07        0.009          314     11049.26       0.0175          152      9082.92
20041130       0.0806         1164       384.74       0.0876         1270       390.05       0.0977          940       244.41       0.0345          432     15468.96       0.0523          313     11122.09       0.0557          152      9225.31
20041231       0.0428         1159       414.14        0.026         1261       425.01       0.0395          930       268.52       0.0403          432     15905.83       0.0258          311     11684.86       0.0365          150      9682.79
20050131      -0.0555         1154       431.61       -0.032         1246       437.22      -0.0219          918       281.85      -0.0295          431     16539.64      -0.0177          311     11968.74      -0.0135          150     10022.32
20050228       0.0043         1151       406.62       0.0208         1243       423.85        0.036          902       278.04       0.0081          431     16041.99       0.0435          311     11742.17        0.032          150      9873.54
20050331      -0.0392         1145        408.4      -0.0242         1240       432.64      -0.0174          889       291.18      -0.0123          431     16140.33      -0.0283          308     12273.46      -0.0011          149     10137.65
20050429      -0.0635         1138       393.16      -0.0582         1232       420.38      -0.0632          882       287.44      -0.0134          429      15974.7      -0.0295          307     11934.33      -0.0232          149     10109.95
20050531       0.0733         1130       367.42       0.0621         1223       396.62       0.0556          870       269.21       0.0393          428     15777.52       0.0296          307     11566.51       0.0337          149      9861.62
20050630       0.0261         1121        396.1       0.0424         1217       422.65       0.0449          865       284.75      -0.0098          427     16402.43       0.0198          306     11912.74       0.0264          148     10196.72
20050729       0.0665         1251       438.31       0.0692         1238       423.77       0.0613          958       282.77       0.0462          400     15801.24       0.0257          322     13413.87       0.0421          176     10762.01
20050831      -0.0199         1245       468.01      -0.0135         1227       454.28      -0.0089          951       301.82      -0.0164          396     16569.87      -0.0003          318     13778.89       0.0011          175     11200.87
20050930       0.0051         1238       457.37       0.0066         1219       449.81       0.0048          946        299.9      -0.0023          396     16273.52       0.0162          317     13768.59       0.0215          175     11193.75
20051031      -0.0365         1224       460.42      -0.0282         1209       454.37      -0.0248          941       302.52      -0.0026          395     16114.63      -0.0272          314      14077.6      -0.0284          175     11422.82
20051130       0.0508         1217       443.02       0.0473         1199       442.81       0.0352          935       296.38       0.0426          394     16092.43       0.0386          313     13707.81       0.0221          174        11035
20051230      -0.0021         1210       466.57      -0.0011         1194       462.41      -0.0031          919        302.5      -0.0065          393     16786.29       0.0104          311     14232.14       0.0041          172     11309.92
20060131       0.0868         1200       467.26       0.0957         1185       463.43       0.0774          909       303.82       0.0126          391     16723.35       0.0407          308     14349.34       0.0447          171     11370.49
20060228      -0.0039         1191       506.99      -0.0035         1178       508.13       -0.007          900       328.19       0.0033          389     16980.67       0.0034          306     14987.13      -0.0102          171     11858.86
20060331       0.0417         1182        505.3       0.0557         1174       506.37       0.0482          894       326.83       0.0158          387     17078.25       0.0157          303     15111.05        0.008          170     11783.62
20060428      -0.0076         1172       526.78       0.0098         1166       534.76       0.0159          890       343.15      -0.0031          386     17307.02       0.0232          300     15301.38        0.035          168     11937.43
20060531      -0.0764         1163       522.98      -0.0457         1161       538.54      -0.0389          880       349.98      -0.0313          385     17267.41      -0.0269          300     15633.37      -0.0131          166     12269.96
20060630      -0.0062         1156       482.65       0.0018         1153       514.57        0.003          878       336.74      -0.0037          382     16797.15            0          297     15264.94       0.0171          166     12082.79
20060731      -0.0579         1106       511.61      -0.0273         1218       503.13      -0.0185         1068        315.2      -0.0121          388     16382.97       0.0123          324     15152.58       0.0144          155      12277.7
20060831       0.0318         1101       483.02       0.0274         1213       489.54       0.0241         1060       309.28       0.0349          386     16234.54       0.0163          323     15323.47       0.0079          155     12419.48
20060929       0.0098         1098       499.35       0.0118         1208       501.25       0.0093         1049       318.43       0.0267          386     16775.95        0.022          323     15520.21       0.0186          155     12498.36
20061031       0.0588         1091       503.19       0.0499         1198       506.54       0.0514         1043       321.56       0.0313          384      17276.8       0.0309          322     15821.73       0.0483          155     12719.37
20061130       0.0261         1085       531.12       0.0266         1194       533.02       0.0311         1032       336.03       0.0144          382     17831.26       0.0278          318     16403.28       0.0196          154     13363.76
20061229      -0.0064         1075       543.06        0.008         1186       544.96       0.0214         1020       348.17       0.0042          381     18101.91        0.018          316      16807.9       0.0273          153     13604.73
20070131       0.0222         1062       538.93       0.0099         1169       545.09       0.0235         1011       354.71       0.0228          381     18150.61       0.0113          313     16961.27       0.0195          153     13959.16
20070228      -0.0012         1054       548.96      -0.0035         1161       551.16      -0.0023         1004        362.3        -0.02          380     18593.14      -0.0156          312     17175.43      -0.0142          153     14199.63
20070330       0.0133         1047       547.71       0.0144         1155       549.81       0.0066          998       362.75       0.0059          380     18188.18        0.014          309     16819.04       0.0212          152     14008.86
20070430       0.0235         1039       554.77       0.0192         1143       556.25       0.0178          983       368.09       0.0487          379     18312.63       0.0393          308     17067.87       0.0353          151     14339.24
20070531       0.0408         1031       563.96       0.0407         1133        567.4       0.0282          976       375.33       0.0299          378     19235.46       0.0408          307     17731.57       0.0408          150     14897.16
20070629      -0.0075         1026       585.74      -0.0087         1118        589.1      -0.0178          964       381.69       -0.012          377     19801.03      -0.0197          306     18443.51      -0.0223          150     15480.62
20070731      -0.0493         1052       601.18      -0.0586         1291       548.16      -0.0775          990       393.14      -0.0158          367     20637.44      -0.0423          291     16698.93      -0.0462          176     15564.24
20070831       0.0173         1045       573.05       0.0214         1279       510.09      -0.0085          978       362.59       0.0163          366     20339.92       0.0232          289     16064.96      -0.0052          175      14852.1
20070928       0.0265         1038       583.42       0.0082         1270       518.53      -0.0024          970       358.74       0.0456          365     20662.07       0.0287          286     16428.99        0.032          175     14755.17
20071031       0.0341         1027       598.33       0.0151         1259       520.28       0.0086          962       357.25       0.0302          361     21666.14       0.0076          281     17032.45       0.0172          174     15279.09
20071130      -0.0671         1016       613.25      -0.0693         1246       528.49      -0.0762          952       361.14      -0.0346          359     22402.39      -0.0501          277     17258.19      -0.0459          173     15574.04
20071231       0.0034         1009       572.31      -0.0085         1234       490.88      -0.0071          940       332.86      -0.0044          357     21681.81      -0.0147          276      16388.8       0.0049          171     14915.09
20080131      -0.0817         1002       568.86      -0.0578         1226       486.54      -0.0472          936       330.56      -0.0722          356      21599.9      -0.0452          275        16112      -0.0464          171     14973.26
20080229      -0.0417          994       518.46      -0.0293         1217       454.52       -0.036          928       315.63      -0.0241          356     20030.74      -0.0376          275     15361.96      -0.0288          171     14240.98
20080331      -0.0126          985       497.75       0.0102         1208       441.88       0.0002          919        306.3       0.0053          355     19546.62      -0.0291          274      14776.3      -0.0042          171     13809.13
20080430       0.0469          977       494.15       0.0289         1196       445.94       0.0298          911       306.71       0.0396          353     19692.33       0.0545          274     14317.05        0.058          171     13732.57
20080530        0.049          966       515.14       0.0542         1187       460.34       0.0353          898       317.96       0.0224          353     20460.76      -0.0001          273     15108.48       0.0308          171     14493.51
20080630       -0.075          962       541.63      -0.0775         1179       486.25      -0.0774          892       327.99      -0.0729          352      20900.4       -0.097          272      15115.8      -0.0917          171     14916.81
20080731       0.0303          884       444.63       0.0266         1191       413.41        0.055         1177       255.93       -0.009          396     17470.11      -0.0294          309     14031.32       0.0381          134     11200.02
20080829       0.0315          875       460.02       0.0425         1185        424.2       0.0707         1165        270.2       0.0159          395        17325        0.009          308     13631.54       0.0062          133     11584.64
20080930      -0.1073          869       477.17       -0.069         1174       445.13      -0.0705         1158       290.38      -0.0969          394     17601.57      -0.0979          305     13832.16      -0.0452          131     11776.95
20081031      -0.2158          863       427.33      -0.1935         1160       411.73      -0.2029         1144       269.59      -0.1507          393     15876.29      -0.1713          304     12477.13      -0.2251          131     11209.75
20081128      -0.1181          859       333.29      -0.1109         1153       332.49      -0.1441         1126       216.09       -0.063          390     13417.94      -0.0659          303     10316.39      -0.1369          131      8656.77
20081231        0.055          850       295.96       0.0409         1146       294.57       0.0537         1113       183.48        0.022          389     12551.66       0.0084          302      9622.56      -0.0004          130      7467.84
20090130      -0.0738          843       312.86       -0.104         1142          307      -0.1594         1104       194.29      -0.0455          389     12805.87      -0.1062          301      9665.47      -0.1585          126      7530.69
20090227      -0.0999          836          292       -0.114         1132       274.86      -0.1525         1093       164.79      -0.0727          389     12213.91      -0.1264          301      8617.44      -0.1551          125      6341.11
20090331       0.0911          828       265.09       0.1008         1122       244.41       0.1144         1079       140.95       0.0809          388     11064.57       0.0939          301      7488.71       0.1091          125      5334.74
20090430       0.1549          821       291.14       0.1676         1108        271.3       0.1804         1070       157.96        0.074          388     11940.86        0.112          300      8153.56       0.1621          125      5830.52
20090529       0.0377          814       338.91       0.0296         1102       318.21        0.024         1061       187.54       0.0424          388     12810.12       0.0629          300       9045.8       0.0652          125      6769.12
20090630       0.0523          809       351.85       0.0106         1094       329.11       0.0149         1044       194.13       0.0145          388     13319.29      -0.0191          300      9594.27        0.003          124       7244.8
20090731       0.0667          686       389.76       0.1019         1052       331.68       0.1448         1213        162.3        0.068          384     13914.61       0.0851          325      9292.87       0.0862          129      6857.15
20090831       0.0084          686       415.58       0.0311         1046       366.08       0.0914         1202       184.73       0.0195          384     14846.96        0.039          325     10064.25       0.0896          129       7443.9
20090930       0.0662          682       416.37       0.0556         1042       377.61       0.0778         1191       203.23       0.0356          384     15096.35       0.0402          325      10440.8       0.0536          129      8096.56
20091030      -0.0692          678       441.95      -0.0633         1033       398.58      -0.0957         1178       220.71       -0.006          382     15507.71      -0.0274          323     10891.76      -0.0666          129      8520.97
20091130       0.0151          675       412.77       0.0193         1026       373.91       0.0402         1158        201.9       0.0671          381     15315.58       0.0481          322     10596.03       0.0446          128      7863.15
20091231        0.085          671       420.23       0.0841         1022       380.17       0.0866         1144       211.83       0.0193          380     16336.92       0.0277          322     11085.29       0.0322          128      8195.39
20100129      -0.0346          667       454.39      -0.0253         1017       411.27      -0.0273         1134       231.34      -0.0396          378     16697.48      -0.0249          322     11372.28      -0.0356          127      8460.86
20100226       0.0358          663       440.73       0.0416         1010       402.02       0.0751         1123       226.54       0.0316          378     16024.99       0.0317          320     11016.63       0.0475          127       8154.6
20100331       0.0736          658       454.18       0.0813         1008       419.14       0.0897         1110       245.86       0.0539          376        16547       0.0657          319      11366.2        0.078          126      8571.27
20100430       0.0478          657       487.22       0.0623          999       454.27       0.0953         1097       269.84        0.009          376     17411.91       0.0218          316     12166.99       0.0243          126      9229.08
20100528      -0.0645          653        512.1       -0.072          995       479.39       -0.104         1087       297.77      -0.0746          376     17555.06      -0.0833          316     12415.09      -0.0823          126       9448.4
20100630      -0.0606          648       479.17      -0.0762          994       444.85      -0.1091         1082       267.41      -0.0472          374      16263.8      -0.0517          315     11320.56      -0.0848          126      8654.54
20100730        0.068          717       434.34        0.066          935       423.78       0.0767         1054       219.87       0.0679          384     14722.59       0.0751          313     10217.73       0.0637          159     10781.24
20100831       -0.068          712       461.77      -0.0807          929       450.86      -0.0828         1050       237.18      -0.0406          384     15709.92      -0.0435          312     10970.69        -0.06          159     11455.67
20100930       0.1429          706       430.12       0.1255          923       415.03       0.1114         1045       218.04       0.1001          383      15058.7       0.0903          312     10470.86       0.0707          159      10752.3
20101029       0.0434          700       491.98       0.0407          917       467.96       0.0371         1040       242.56       0.0483          379     16681.56       0.0342          310     11448.14       0.0104          159     11499.57
20101130       0.0346          692       511.52       0.0438          914          486       0.0361         1030       252.77       0.0055          378     17495.03       0.0049          309     11849.25      -0.0092          158     11667.68
20101231       0.0736          688       527.56       0.0828          904       508.01       0.0947         1011       263.68       0.0488          378     17547.42       0.0806          309     11882.61       0.0983          158     11535.56
20110131       -0.006          684       566.53       0.0006          899       548.73       0.0054         1001       289.73       0.0196          378     18376.71       0.0268          308     12846.08       0.0275          157     12711.98
20110228       0.0554          681       563.59       0.0516          891       551.66       0.0614          994       291.28       0.0261          378        18722       0.0408          307     13201.95       0.0478          156     13109.49
20110331       0.0334          679       595.59       0.0281          888       579.44       0.0217          988       310.01       0.0002          376     19245.17       0.0153          306      13744.6      -0.0143          155     13775.65
20110429       0.0356          674       616.22       0.0199          882       597.56       0.0137          977       317.92       0.0386          375     19241.91       0.0233          304     13953.22       0.0142          155      13563.5
20110531      -0.0095          671       637.15      -0.0205          876       607.87      -0.0313          966       321.61      -0.0057          373     20058.56      -0.0144          304     14256.68      -0.0282          155     13743.01
20110630       -0.014          667       633.16      -0.0192          865       596.75      -0.0184          952       308.98      -0.0147          370     20038.31      -0.0185          301     14098.56      -0.0201          154      13400.4
20110729      -0.0416          758       620.57       -0.042          863       578.04      -0.0345          992       320.48      -0.0082          373     17074.71      -0.0291          283     14979.14      -0.0379          176     16609.42
20110831      -0.0901          755       592.26      -0.0912          863       553.53      -0.0958          986       309.81      -0.0421          373     16924.11      -0.0718          282     14543.18      -0.0661          176     15934.57
20110930      -0.1084          752       539.39      -0.1137          860       501.21      -0.1097          984       280.11      -0.0638          371      16221.3      -0.0783          280     13523.61      -0.0822          176     14855.92
20111031       0.1538          749        479.8        0.158          854       444.06       0.1294          977       249.97       0.1016          370     15202.37       0.1262          279     12460.92       0.1076          176     13614.16
20111130      -0.0144          746       554.75      -0.0038          848       517.04       0.0014          969        282.5      -0.0013          369     16764.97       0.0089          277     14093.85      -0.0177          176     15035.43
20111230      -0.0011          742       547.62       0.0089          845       515.32        0.012          961       282.57      -0.0026          367     16765.91         0.02          275     14258.37       0.0154          176     14732.04
20120131       0.0793          739       546.73       0.0682          837       520.68       0.0583          952       287.85         0.06          366        16717        0.037          275     14513.11       0.0368          175     14998.71
